       12865
       63865
       22231
       17064
        9125
       14052
       47902
       49863
       32013
       41578
       35893
       48736
        9127
       37128
       28252
       24923
       10747
       26303
       55284
       39644
       34121
       16526
         896
       34078
       56907
       64046
       63356
       58686
       29951
       38642
       51822
       42056
       59928
       38441
         840
       32585
       56565
       34235
        1186
       53647
       45230
       54100
       16693
       64525
       64608
       11235
       45125
       33755
       49031
        2496
       15494
       17028
       47547
       14599
       39317
       36033
       12441
         692
       19749
       59023
       12507
        6428
       53827
        3668
       34658
       50338
       34285
       60735
       48615
        4842
        7654
       28391
        1599
       39966
       63963
       32780
       58350
       23732
        8971
       54646
       18589
       44387
        5278
        2490
       36868
        2457
       25081
       59170
       57689
       45230
        3093
       48675
       62366
       22596
       49865
        8375
       34110
       14970
         448
        2106
       21993
       10476
       50024
       12846
       64270
        8280
       45754
       44644
       29404
       17245
       51921
       14358
       34100
       10896
       41891
       22158
       42459
       45191
       20681
       30653
       35733
       25171
        9108
       23496
        9661
        9229
       62010
       16425
       48164
       65160
       24164
        1769
        5798
       61736
       42749
       32470
       21359
       36804
         564
       12065
        2591
       11426
       29445
       19607
       49500
       30287
       15208
       49564
       16538
        5280
